8 8 8 8 8 8 8 8 8 8 8 8 8 8 8 8 8 8 8 8 8 8 8 8 8 8 8 8 8 8 8 8 8 8 8 8 8 8 8 8 8 8 8 8 8 8 8 8 8 8 8 8 8 8 8 8 8 8 8 8
8 8 8 8 8 8 8 8 8 8 8 8 8 8 8 8 8 8 8 8 8 8 8 8 8 8 8 8 8 8 8 8 8 8 8 8 8 8 8 8 8 8 8 8 8 8 8 8 8 8 8 8 8 8 8 8 8 8 8 8
8 8 8 8 8 8 8 8 8 8 8 8 8 8 8 8 8 8 8 8 8 8 8 8 8 8 8 8 8 8 8 8 8 8 8 8 8 8 8 8 8 8 8 8 8 8 8 8 8 8 8 8 8 8 8 8 8 8 8 8
8 8 8 1 1 1 1 1 1 1 1 1 1 1 1 1 1 1 1 1 1 1 1 8 8 8 8 8 8 8 8 8 8 8 8 8 8 8 8 8 8 8 8 8 8 8 8 8 8 8 8 8 8 8 8 8 8 8 8 8
8 8 8 1 1 1 1 1 1 1 1 1 1 1 1 1 1 1 1 8 8 8 1 8 8 8 8 8 8 8 8 8 8 8 8 8 8 8 8 8 8 8 8 8 8 8 8 8 8 8 8 8 8 8 8 8 8 8 8 8
8 8 8 1 8 8 8 8 8 8 8 8 8 8 8 8 8 8 8 8 8 8 1 8 8 8 8 8 8 8 8 8 8 8 8 8 8 8 8 8 8 8 8 8 8 8 8 8 8 8 8 8 8 8 8 8 8 8 8 8
8 8 8 1 8 8 8 8 8 8 8 8 8 8 8 8 8 8 8 8 8 8 1 8 8 8 8 8 8 8 8 8 8 8 8 8 8 8 8 8 8 8 8 8 8 8 8 8 8 8 8 8 8 8 8 8 8 8 8 8
8 8 8 1 8 8 8 8 8 8 8 8 8 8 8 8 8 8 8 8 8 1 1 8 8 8 8 8 8 8 8 8 8 8 8 8 8 8 8 8 8 8 8 8 8 8 8 8 8 8 8 8 8 8 8 8 8 8 8 8
8 8 8 1 8 8 8 8 8 8 8 8 8 8 8 8 8 8 8 8 8 1 1 8 8 8 8 8 8 8 8 8 8 8 8 8 8 8 8 8 8 8 8 8 8 8 8 8 8 8 8 8 8 8 8 8 8 8 8 8
8 1 0 1 0 1 8 8 8 8 8 8 8 8 8 8 8 8 8 8 8 1 1 8 8 8 8 8 1 1 1 1 1 1 8 8 8 8 8 8 8 8 8 8 8 8 8 8 1 1 1 1 1 1 1 8 8 8 8 8
8 1 1 1 1 1 8 8 8 8 8 8 8 8 8 8 8 8 8 8 8 1 1 8 8 8 8 8 1 1 1 1 1 1 8 8 8 8 8 8 8 8 8 8 8 8 8 8 1 1 1 1 1 1 1 8 8 8 8 8
8 1 0 1 0 1 8 8 8 8 8 8 1 1 1 1 1 1 1 1 8 1 1 8 8 8 8 8 1 1 1 1 1 1 1 1 1 1 1 1 1 1 1 1 1 1 1 1 1 1 1 1 1 1 1 8 8 8 8 8
8 1 1 1 1 1 8 8 8 8 8 8 1 1 8 8 8 8 8 1 8 1 1 8 8 8 8 8 1 1 1 1 1 1 1 1 1 1 1 1 1 1 1 1 1 1 1 1 1 1 1 1 1 1 1 8 8 8 8 8
8 1 0 1 0 1 8 8 8 8 8 8 1 1 8 8 8 8 1 1 8 1 1 8 8 1 1 1 1 1 1 1 1 1 8 8 8 8 8 8 8 8 8 8 8 8 8 8 1 1 1 1 1 1 1 8 8 8 8 8
8 1 1 1 1 1 8 8 8 8 8 8 1 1 8 8 8 8 1 1 8 1 1 8 8 1 1 1 1 1 1 1 1 1 8 8 8 8 8 8 8 8 8 8 8 8 8 8 1 1 1 1 1 1 1 8 8 8 8 8
8 1 0 1 0 1 8 8 8 8 8 8 1 1 8 8 8 8 1 1 8 8 1 8 8 1 1 8 1 1 1 1 1 1 8 8 8 8 8 8 8 8 8 8 8 8 8 8 1 1 1 1 1 1 1 8 8 8 8 8
8 1 1 1 1 1 8 8 8 8 8 8 1 1 8 8 8 8 1 1 8 8 1 8 8 1 1 8 1 1 1 1 1 1 8 8 8 8 8 8 8 8 8 8 8 8 8 8 8 8 8 1 1 8 8 8 8 8 8 8
8 1 0 1 0 1 8 8 8 8 8 8 1 1 8 8 8 8 1 1 1 1 1 8 8 1 1 8 8 8 8 8 8 8 8 8 8 8 8 8 8 8 8 8 8 8 8 8 8 8 8 1 1 8 8 8 8 8 8 8
8 1 1 1 1 1 8 8 8 8 8 8 1 1 8 8 8 8 8 8 8 8 8 8 8 1 1 8 8 8 8 8 8 8 8 8 8 8 8 8 8 8 8 8 8 8 8 8 8 8 8 1 1 8 8 8 8 8 8 8
8 1 0 1 0 1 8 8 8 8 8 8 1 1 8 8 8 8 8 8 8 8 8 8 8 1 1 8 8 8 8 8 8 8 8 8 8 8 8 8 8 8 8 8 8 8 8 8 8 8 8 1 1 8 8 8 8 8 8 8
8 1 1 1 1 1 8 8 8 8 8 8 1 1 8 8 8 8 8 8 8 8 8 8 8 1 1 8 8 8 8 8 8 8 8 8 8 8 8 8 8 8 8 8 8 8 8 8 8 8 8 1 1 8 8 8 8 8 8 8
8 1 0 1 0 1 8 8 8 8 8 8 1 1 8 8 8 8 8 8 8 8 8 8 8 1 1 8 1 1 1 1 1 1 1 1 8 8 8 8 8 8 8 8 8 8 8 8 8 8 8 1 1 8 8 8 8 8 8 8
8 1 1 1 1 1 8 8 8 8 8 8 1 1 8 8 8 8 8 8 8 8 8 8 8 1 1 1 1 1 1 1 1 1 1 1 8 8 8 8 8 8 8 8 8 8 8 8 8 8 8 1 1 8 8 8 8 8 8 8
8 8 8 1 8 8 8 8 8 8 8 8 1 1 8 8 8 8 8 8 8 8 8 8 8 1 1 1 1 1 1 1 1 1 1 1 8 8 8 8 8 8 8 8 8 8 8 8 8 8 8 1 1 8 8 8 8 8 8 8
8 8 8 1 8 8 8 8 8 8 8 8 1 1 8 8 8 8 8 8 8 8 8 8 8 8 8 8 1 1 1 1 1 1 1 1 8 8 8 8 8 8 8 8 8 8 8 8 8 8 8 1 1 8 8 8 8 8 8 8
8 8 8 1 8 8 8 8 8 8 8 8 1 1 8 8 8 8 8 8 8 8 8 8 8 8 8 8 1 1 1 1 1 1 1 1 8 8 8 8 8 8 8 8 8 8 8 8 8 8 8 1 1 8 8 8 8 8 8 8
8 8 8 1 8 8 8 8 8 8 8 8 1 1 8 8 8 8 8 8 8 8 8 8 8 8 8 8 1 1 1 1 1 1 1 1 8 8 8 8 8 8 8 8 8 8 8 8 8 8 8 1 1 8 8 8 8 8 8 8
8 8 8 1 8 8 8 8 8 8 8 8 1 1 8 8 8 8 8 8 8 8 8 8 8 8 8 8 1 1 1 1 1 1 1 1 8 8 8 8 8 8 8 8 8 8 8 8 8 8 8 1 1 8 8 8 8 8 8 8
8 8 8 1 8 8 8 8 8 8 8 8 1 1 8 8 8 8 8 8 8 8 8 8 8 8 8 8 8 8 8 8 1 1 8 8 8 8 8 8 8 8 8 8 8 8 8 8 8 8 8 1 1 8 8 8 8 8 8 8
8 8 8 1 8 8 8 8 8 8 8 8 1 1 8 8 8 8 8 8 8 8 8 8 8 8 8 8 8 8 8 8 1 1 8 8 8 8 8 8 8 8 8 8 8 8 8 8 8 8 8 1 1 8 8 8 8 8 8 8
8 8 8 1 8 8 8 8 8 8 8 8 1 1 8 8 8 8 8 1 1 1 1 1 1 8 8 8 8 8 8 8 1 1 8 8 8 8 8 8 8 8 8 8 8 8 8 8 8 1 1 1 1 1 1 8 8 8 8 8
8 8 8 1 8 8 8 8 8 8 8 8 1 1 8 1 1 1 8 1 1 1 1 1 1 8 8 8 8 8 8 8 1 1 8 8 8 8 8 8 8 8 8 8 8 8 8 8 8 1 1 1 1 1 1 8 8 8 8 8
8 8 8 1 8 8 8 8 8 8 8 8 1 8 8 1 5 1 1 1 1 1 1 1 1 8 8 8 8 8 8 8 1 1 8 8 8 8 8 8 8 8 8 8 8 8 8 4 1 1 1 5 1 1 1 8 8 8 8 8
8 8 8 1 8 8 8 8 8 8 8 8 1 8 8 1 1 1 8 1 1 1 1 1 1 1 1 1 1 1 1 1 1 1 8 8 8 8 8 8 8 8 8 8 8 8 8 4 1 1 1 1 1 1 1 8 8 8 8 8
8 8 8 1 8 8 8 8 8 8 8 8 1 8 8 8 8 8 8 1 1 1 1 1 1 1 1 1 1 1 1 1 1 1 8 8 8 8 8 8 8 8 8 8 8 8 8 8 8 1 1 1 1 1 1 8 8 8 8 8
8 8 1 1 1 8 8 8 8 8 8 8 1 1 1 1 1 1 1 1 1 1 1 1 1 8 8 8 8 8 8 8 8 8 8 8 8 8 8 8 8 8 8 8 8 8 8 8 8 8 8 8 8 8 8 8 8 8 8 8
8 8 1 5 1 8 8 8 8 8 8 8 8 8 8 8 8 8 8 8 8 8 8 8 8 8 8 8 8 8 8 8 8 8 8 8 8 8 8 8 8 8 8 8 8 8 8 8 8 8 8 8 8 8 8 8 8 8 8 8
8 8 1 1 1 8 8 8 8 8 8 8 8 8 8 8 8 8 8 8 8 8 8 8 8 8 8 8 8 8 8 8 8 8 8 8 8 8 8 8 8 8 8 8 8 8 8 8 8 8 8 8 8 8 8 8 8 8 8 8
8 8 8 8 8 8 8 8 8 8 8 8 8 8 8 8 8 8 8 8 8 8 8 8 8 8 8 8 8 8 8 8 8 8 8 8 8 8 8 8 8 8 8 8 8 8 8 8 8 8 8 8 8 8 8 8 8 8 8 8
8 8 8 8 8 8 8 8 8 8 8 8 8 8 8 8 8 8 8 8 8 8 8 8 8 8 8 8 8 8 8 8 8 8 8 8 8 8 8 8 8 8 8 8 8 8 8 8 8 8 8 8 8 8 8 8 8 8 8 8
